id,sale_price
2658,124474.74116406182
2718,159575.5466904664
2414,217841.05444715673
1989,118609.95194355797
625,174725.85180521262
333,106767.85791597205
1327,112321.90668978321
858,140969.7466383708
95,173451.18403681586
1568,171825.22525406492
2482,150788.82377998822
1364,125795.93812824562
2584,139982.69941822378
818,344465.8140650031
2673,159068.99084165736
2089,131546.1005211073
1297,142800.00985134195
790,116304.29617466542
2616,216493.27637336316
720,183519.18253290985
222,164550.8948541013
557,124924.69026552803
1148,189378.4468372798
2766,156961.5039678269
534,184448.36152981818
1452,121704.30795338714
630,118482.52876976434
2648,111485.19553650366
125,151880.4320265983
1904,70424.37074014203
1670,103724.12531317557
756,93398.64341241337
717,215643.77631131603
1032,149577.72984357807
852,220342.03373000864
1731,183996.94643902645
2639,111531.31817711872
2071,100094.21880688777
1267,130269.77742080548
1851,180833.52311389116
567,152186.86420343572
2439,214590.19047534547
1898,147689.51935661584
647,175762.72120927952
2256,208623.73151196277
979,111607.78182604675
1444,217963.96610972923
2485,123509.30700924185
157,140704.52090838875
88,125474.66839109352
2003,103359.46652104978
186,187071.18424161946
1425,245488.58542797045
2695,120391.20453942423
738,98342.50122522004
395,169701.41781481027
1353,157582.5673090321
1878,141244.68544920767
390,167273.51005170727
1456,230530.12283144202
1103,272166.8241321331
1387,112915.9792407249
2070,150576.57211070202
1199,168509.35100975615
2479,160498.06875842068
501,280381.4695476075
2362,87179.58727483054
1718,177755.57035290796
2188,85120.18068734954
1483,157357.29738594076
2557,82744.57721700295
437,388592.12640040444
2224,181979.1314191545
1628,183491.52905557104
397,136676.58517179138
587,184508.14698237556
971,141557.59725633755
2611,131179.77124655747
1887,101161.09430467448
2399,338827.6825747058
2148,203272.78253971765
304,115366.66117742646
1997,124851.10503358651
2817,118696.53157698041
1431,199847.3749302457
427,313032.7453452471
263,131087.26553137568
598,161562.71883092934
2895,230504.68608244165
687,147784.5590252195
1822,137873.59975449435
2191,104895.34631363112
179,129732.2037728447
1009,201252.96781913415
2010,133100.4664564101
1991,137995.8854402995
1411,195995.16531674776
1721,220119.82346551574
1144,183088.31137665588
593,221560.72047885662
575,327310.6495391799
1249,166198.919809185
1604,131272.8269280506
1064,105625.23317648996
1923,142908.88497848198
1988,109064.57474945452
2325,168811.39130941118
114,193061.6246548256
2700,161680.25155491097
217,123102.29299515398
343,180962.22345798038
386,221164.83199634997
2005,117992.74236125445
2908,131523.8251960058
1814,220019.1869792623
2446,532398.6794268196
208,144672.025430958
1679,121654.22148609001
822,341791.57316038286
6,193877.96945422
1781,370405.145613683
2397,271792.1862384405
2340,287542.5399955108
1618,175186.87076863326
2843,115197.21943240102
1061,365871.43468140345
2786,123674.07467418014
1935,134415.0823767669
1341,136030.45325166048
521,267067.15248381643
2136,135980.36903366342
996,197727.8481435697
227,141963.3265441258
135,178020.2726906757
1167,169761.88918170246
294,199038.81744362623
1776,196411.25031575447
540,175477.70852601662
1717,177753.93366760228
2303,139098.3185551647
116,186882.28511499715
127,133826.81275815857
1371,132662.25327862793
1014,146469.8550425775
1507,103862.41469647923
702,131459.23538236786
750,133718.42007177477
261,146786.80295663443
1559,81315.6389787328
577,193241.52855705892
2812,191731.94675789733
2080,138305.8492784464
1368,114024.30028971918
2376,124907.78424760114
659,115645.96195914806
1235,128659.36129680928
332,85053.5900360124
1917,149273.1153522238
2094,269754.59210311755
1460,259313.4433732872
1471,204463.1244398321
1509,119718.19015107446
1922,135210.50824851572
433,502875.8130905814
460,270777.372793035
1116,241545.3385156453
1137,171770.285891085
53,171637.22224279074
2354,254919.25802062216
1475,189524.89631818296
1761,209196.46633849057
842,142891.35372619977
2739,160163.82189752936
2509,158812.7332116693
1007,203533.50641623937
2610,182411.89799319184
1952,97787.05238722933
2719,157152.29079063114
2921,100588.4617563044
1966,124563.93206696001
292,98928.63604219783
1204,186608.77377768917
1829,262327.60233825346
2419,185633.13603172352
391,160300.3476509244
798,110406.44849407666
481,208561.97446240656
193,174352.43231852158
555,124010.71539832541
899,67170.41264411535
2357,204861.07934592885
328,139645.46497778664
1356,122296.43784268582
1154,106340.5274145526
1730,183072.5714642617
2249,168473.8663839486
1119,263368.004987543
2856,122379.73722368602
1394,138723.25203673812
2587,124762.81093512935
61,334467.6061768787
2661,176982.46447149027
2711,131171.92621100292
1147,167820.56139587177
757,127993.16468180799
2623,86278.31689836115
2378,150856.58723557368
1413,149599.3131922261
1722,212297.8873060715
1112,218946.3092292249
1623,200075.36366353455
1201,180177.52405235288
1513,113672.88315759187
957,601729.9712936541
1171,264596.9638191475
1145,184945.1547039631
2726,221698.12843790755
703,166432.66703250707
760,91205.95084372254
1964,137740.4898982665
2512,181595.07729365167
159,139703.08089951068
1281,167029.3716524738
468,183475.11049319702
290,138824.09766017465
665,103044.50784726198
1463,250900.0425012709
1792,213688.0465706511
923,123837.27452716266
500,236525.49188176854
1408,141392.92378762778
331,91197.93273624632
170,113315.38891254507
2192,100143.85473306675
2571,91970.17725317909
2314,176044.12632474562
2647,101707.87217758199
422,442697.1102158033
2457,346484.03224802087
1838,201854.8245681167
2805,241616.57692727557
1645,171423.0517167981
1711,298267.0072431406
2825,256984.4092320204
322,350197.3380978734
2103,249172.75115756478
342,109620.42840485708
600,134868.10266833167
488,188311.71439956996
1725,299545.78044599417
2246,261991.71511295324
2847,143608.49463932324
806,228372.57939312657
530,223742.60890378765
963,195230.79025816484
2678,84264.98030068455
171,91428.16910183929
2401,441979.65322932345
805,234427.55565393966
2259,250193.37587244433
1748,207822.99810601125
1361,135243.73584829774
1677,125465.70392732603
1406,152884.24005418827
2322,248387.90383061807
688,146747.31564213766
143,133129.48350138476
804,223606.49474572815
1214,149301.88217516753
2828,157506.11442327828
1999,167901.08775245547
2467,182771.54489236066
2665,161525.23296580723
1538,344924.2368877884
398,121273.77445058415
2822,131555.25339715276
2157,146906.8592265931
1856,176373.566187699
1269,97572.2907786533
2570,107869.709929051
2320,236645.60405260546
1517,139746.48992572838
2304,113191.13629539974
1312,104854.29163216779
2012,133056.35850027096
506,231060.14423029544
2865,190377.1706097935
2367,113680.01094620234
554,90843.02519583794
238,127034.6489508968
1954,119740.26263883786
2488,142508.70392284432
2291,94368.71109986708
1969,100210.11040402066
2725,162448.8756037438
1482,157357.29738594076
2763,185839.1411724712
503,241122.70957682483
1584,255569.0011106594
1531,118981.70790479305
2210,143064.90030826716
459,324606.01739882753
556,130638.18721815334
1347,125077.21496326629
1290,83712.1992476655
1388,88763.85617955442
1571,406627.19390649383
2754,193890.67796583322
765,132141.70310215617
2494,118919.86391970496
2870,210675.11477396628
7,211814.98246695442
1114,256193.64742774682
2418,271680.0028099526
291,119851.75160132886
18,300507.34727890627
39,358441.58664920274
1001,234086.41736377246
2442,226382.3106766444
616,123003.85934180387
2680,69338.31860375445
1414,123271.44210013964
289,130074.98405544406
40,229684.42658168086
860,117951.8516719187
409,136773.15501445698
673,141690.64466939648
2427,170284.3168350504
2036,234633.4281914775
2564,139392.0104433204
642,129065.94525631572
1008,179828.3634044843
1908,124987.89875703827
2519,186103.96209104607
1369,105324.5940143321
2855,146384.07952735663
712,101965.42017214467
1943,98398.15773851654
1958,121611.62674180663
107,162932.16064762586
2295,211323.95546110696
704,91658.05869756136
676,128808.01892458707
259,168212.5559957998
93,273158.46698095696
106,241493.1937491616
2315,185861.04069721923
1050,109479.83928511699
1095,218678.96589860486
2709,141978.3938823741
758,129223.87685296613
1496,166901.91515114304
2370,137663.11115182607
2458,276635.35537393467
2733,120989.27591360689
161,279348.8005750862
726,151388.96420717338
845,197599.967427748
947,245355.1824019856
2232,113435.28094228862
2563,148520.6344791769
2299,113768.48450671272
211,84273.03338129433
605,157535.29839593975
1478,212482.69317319553
2247,260642.42707493296
2274,195357.6563334722
2869,183690.58108754878
967,205707.0187755521
2656,129567.86667384444
667,188084.45207195697
1042,122499.67200260205
2023,147098.9641970837
2447,391366.8552180479
2055,136867.04793670133
2275,293365.14955039794
2204,156293.6996756183
1563,273899.0635882122
483,208738.21896300567
796,132090.043920552
1526,145925.4720299515
2042,134073.3530993611
442,349969.62476672145
1693,332017.0553684461
1468,223090.42973027728
1430,185757.29873200133
2605,125433.75507581556
1529,198832.9533282515
335,140363.73581835494
1287,135524.05785719058
31,108978.70495090501
1785,327644.268818069
82,187391.12898273498
2620,119810.29877176094
252,192922.30699481955
721,67904.73348763282
2165,182785.69003631617
2316,192663.63632546627
775,128900.3266253688
1558,89927.15627501502
17,232205.69625489588
1022,209055.8287347069
925,118876.58487048898
438,267123.2476718827
1270,129399.62654152684
1272,114092.56643864408
215,124331.48099838324
266,234999.4849526769
2402,274336.58486399136
1250,123509.08984580067
1984,112484.51712135013
1279,129182.82405928944
377,258022.95420251891
1252,119086.5433359847
2156,249819.51420782437
499,300547.69298122154
1374,131821.20081244654
2898,213263.69145141603
401,112508.72165932663
2721,169012.5815705152
2078,240902.79410676422
2589,125353.2304010664
1946,212684.46248073925
1334,129729.62580370312
2781,225988.06638833226
431,401074.58407033666
576,185369.5136456935
1474,203296.67978855263
2254,151712.81890306383
2155,287677.00968753494
885,99097.66907138519
643,138452.3472876909
1944,124896.18319817609
480,203464.16678829002
2845,101353.09694935118
2387,306565.9314151027
2407,195887.78758427573
2527,167961.3710690611
2514,154963.80676823226
629,153693.17689842603
80,221957.16606029522
1876,129012.17484962387
1546,130154.2701302697
2518,172825.4518203545
2347,165898.3408749223
783,221257.96421577057
1322,60208.11769451965
194,99744.41361664947
1770,264041.3818047476
2143,155251.55853392064
1229,216615.38960325168
511,267580.61501346674
46,214618.93900192683
1348,154637.2718058377
2465,181257.96150297267
387,223635.04478431083
873,223556.0926409191
1918,116824.79312203066
2764,236668.81421985544
2184,127796.14660373033
934,158742.05922536357
1920,130781.40611334963
2631,139149.20851849508
1768,647890.5424389853
2040,114330.49039488049
1749,219327.32740433046
834,220747.87201403905
1457,222885.78458435662
79,139133.42382535414
2302,126538.5045395277
1817,145114.9454596121
2755,212546.97831965564
359,182826.0688022603
2059,110976.93524591875
2092,260518.35208039783
2516,220882.32825267094
150,112970.28314219521
1656,140152.99505229158
83,96807.41195556369
2411,185476.50654394238
795,78934.66806220434
2312,221937.08341505655
2917,109403.2610589663
1624,172796.73854867043
2215,261103.03075630657
1211,155853.094725293
1485,158707.56236277465
1024,172304.67597517543
570,176267.0741201894
2874,131324.61084115072
700,112198.85897804053
2756,193229.63702371702
2022,163802.94946595698
583,232510.27229245618
2392,387335.36157099385
2424,192859.01696869158
212,98195.17961222594
736,145070.47875945127
1610,152435.53044814648
890,123308.92303501976
467,185520.5577325695
578,222321.92774700295
1747,190171.74529868964
1149,152055.9408921927
2758,229048.6183411642
857,146803.47289905933
2219,251002.44915542434
733,100382.35881790366
2909,130244.1814811478
1798,248947.63954108613
235,115389.77444566118
2366,135554.18638865298
1027,129017.24354910817
1195,145171.34447691683
1303,71133.39195363836
148,177090.37474463388
608,153557.30544363745
2515,195298.38615864454
821,307060.59142882854
2500,257979.12802678964
745,106746.17152686132
741,117845.45632514583
1611,107384.13609849605
2532,118179.89113541803
1081,233720.02291995534
1692,405955.8886046447
2520,174177.40364211632
276,102930.04263518906
1992,123473.19418040651
663,65446.29769910454
418,136303.07211407367
1733,208786.56357841374
2359,151395.764509614
253,179939.04822707069
1518,169669.65216177003
2035,135303.06826258043
2919,88905.09968359298
1540,247863.5304993587
2120,140376.5228634866
1674,172538.56390584697
256,156328.0027678257
2361,102955.34126029287
978,91676.98864266986
2280,157511.12950217738
2095,223032.43106107754
1709,320528.5282728228
2801,247573.84678481545
1246,113821.61406478062
2373,116810.2090766235
1055,264912.9811200261
2017,115799.4981660006
1099,239665.34684489013
1344,93180.44816610623
835,189657.3300191965
1117,209795.39236852477
2043,96572.40180863996
2085,127963.15496270076
410,155134.47581198328
2650,116095.95336430224
2867,159947.7350432196
1668,114295.7773541573
1161,164292.1751194845
2122,172270.34072376252
2539,139572.9542689302
1047,153568.95834773663
1445,131983.1134571754
541,125703.32117599362
569,193632.84471759893
1276,117181.17602303071
918,161474.32090483492
326,171264.8272082881
1936,140829.22594135642
895,96812.75347891533
257,140880.6664805259
1241,177805.81074675472
1545,136421.57348283584
1189,179082.33848280594
270,147369.76649704247
2066,173619.34289922615
693,108388.80832791277
1259,137550.59584517556
2916,152952.1149215912
2321,293065.60828221217
1977,94667.43277748948
1895,149149.3713736225
1240,181435.97056241162
85,152732.08153244172
1823,112749.72939487253
825,289508.13601337856
110,221489.52227612733
697,128950.53835624394
2297,107688.60127770703
1231,134293.10898145684
1355,126190.57579120791
968,351059.7889177631
584,207615.98808116716
1315,111900.7274552377
1606,148066.8703809921
206,118685.33282434031
1685,346070.94105312164
2016,138016.5871744566
869,194997.17038157652
2135,120661.93308377005
2346,181572.49899490972
2430,224258.81422308736
2198,89820.2336377523
2652,128350.62135090491
27,114701.61889610146
241,171607.412321778
906,107836.60541389254
1506,112351.47356474824
2098,361267.83487754804
1435,209302.88868853348
2213,127671.6469578639
1274,131520.52358706918
743,56751.204006559215
1737,188189.40771538464
2797,272095.8913586751
2185,67543.50005301533
58,186957.2192459393
830,192962.82493241032
808,122974.61368659226
680,137244.13004887706
1153,117807.08787309448
1291,132811.99091105745
1818,149226.55488133474
2161,181981.25834857696
1883,117230.54661036216
350,314113.38012860896
2473,137372.8095112249
295,159692.78909054046
293,197202.75135427335
859,136111.7806553769
288,72202.96764751482
1578,154121.90244374835
102,165751.2923848393
2831,171681.8990334683
1030,161334.5912833895
2551,139334.69498026336
1286,141122.48167614397
958,337514.96851226233
776,134155.0624465299
72,235552.27022567976
2263,244222.66180604364
1866,149622.55877260223
2876,82707.99573227444
2146,242759.10341578568
103,179370.0282497759
1500,157227.3460140345
492,194223.33233057073
167,124417.35908297633
2597,115428.18355020563
2685,107423.21841510771
1035,170443.30829282696
1220,70618.41416708891
2602,153778.1659172314
2159,213811.93890258935
695,146729.00222874247
1109,231554.79873163448
640,176363.49289060102
1652,160343.03071497727
2090,138157.27105400251
1188,187477.3784393202
2345,254893.3370194371
1059,416385.92532393377
2751,213226.35506628937
128,195509.16526061294
1523,186783.06724996073
2925,181258.50967890336
2145,270806.71815572184
1121,206761.03209903077
566,265693.86240080715
565,242054.78190447748
1331,124004.60127393281
2928,117044.74413684056
156,145712.9069487416
797,144779.63909091643
327,102927.33096540123
2859,140415.45682452945
1453,118252.53889488342
1762,307912.0338145157
1868,237002.84356922613
1760,188883.86155440006
1113,245151.21872409157
1812,173508.38236467354
117,153114.49866809297
1142,202804.1284068517
2342,401469.65217716974
927,130955.4501717097
2478,175450.31406063025
655,86904.8682587079
2064,131985.68022146684
369,249325.42587476
2239,112524.76952150307
2732,203248.67788390606
1653,161386.63205065049
959,209009.04395475984
2395,348554.02641891845
1412,106662.88344015054
271,253254.29766011547
1484,157365.99087472842
1497,142405.88818318167
552,163706.19119248775
2,119828.87769631574
1855,260115.34052494814
4,239947.17504158968
2292,159039.677107909
134,127133.7179831855
646,102962.59077208614
42,310324.98321830475
532,210424.93837311585
713,84147.104978862
2561,121232.15071639752
2360,132634.90174026537
1333,121574.00269207242
1407,266703.44774136966
2892,273881.31370713154
574,212582.14248944167
1227,190601.31403548736
2591,211668.4825573517
1476,208177.73607678554
1125,251494.81733057497
1446,142412.2886425164
408,130476.18716740987
1101,285386.503399695
2251,179401.4028493658
373,181975.45547028937
2554,122247.0803324798
2382,241673.3865576649
1985,83646.46903741629
519,220066.67856382157
1093,204116.58487572303
864,250005.32359389716
2889,141433.0122461725
2308,153566.8685510092
986,161697.63709039782
1302,130204.64535920181
585,161595.26441712026
2708,154303.28895918577
147,116737.57396099734
1441,224819.0416722468
383,198150.78036587208
285,150926.78338193
181,114524.7918078746
358,194387.92797910885
780,158414.03202497895
258,196539.25274586608
1865,204325.31837636043
692,132853.27176205014
2902,309969.49086365604
508,236717.66468050997
2638,138275.44743931445
36,153937.7945544404
611,157624.45270757054
2281,125581.19776441336
1678,135839.63856114697
1696,437621.56201154564
1557,89641.99877651343
2180,161806.98834479018
1726,207883.30518724537
951,153395.96345413924
267,223615.72937754597
2706,124469.99294437742
2221,238154.95632990322
1357,151320.6481167973
2901,311715.2501435902
347,191344.97739021076
2164,188551.7087112846
1586,302345.57284139976
360,165572.76940916866
1769,231172.70667013712
2617,157729.4595160069
1879,139472.49338060094
991,208719.99666286574
1535,107636.6223651266
1191,144640.97967566177
1579,197667.95846032992
1882,141704.47528263208
1510,129732.35735694261
2196,160883.43188911167
1845,162584.47129944415
2336,395735.60614967294
942,95848.8550889208
861,132575.9476888794
2555,115101.0586652048
1392,143021.23119447994
2099,248289.45669204617
1543,141687.29146385222
948,280529.313291758
1239,177589.67453677274
22,189381.18335480895
2796,218369.23766788899
2747,179137.82016048467
92,280713.2016655025
210,150357.5266150497
1858,198634.89404095119
2228,168147.68576714757
447,198334.0085339973
827,232170.02429894544
1649,214631.19470148493
682,123712.04102982939
2698,115415.08281737451
494,193145.6012523063
214,76675.54002980991
2441,243857.3699564867
2679,114312.31401830376
1336,120108.48182669365
465,197625.57170149498
1524,140903.31213645474
2543,118047.12131096472
631,134918.2536699932
2452,287707.50319874106
228,158691.85325549246
126,163602.8801144302
1092,223596.83575641227
1122,199228.7302237741
932,178943.10123474928
1980,88024.90625275038
2171,113466.48824497037
551,164082.33991263993
2768,162901.9154370385
2056,109212.72510191254
1159,345483.62862275145
2645,104041.98686972562
1174,177225.95896251983
2266,200971.89866678763
2462,422429.9136542006
1219,145796.14284159098
2922,163395.1586472641
118,134979.95637869713
474,180818.28231343595
2576,133227.98195408902
872,279522.6270313023
1077,209044.4892713137
1536,138850.60261715765
1150,128863.02677646879
2341,294546.6938042929
1931,155324.91970531162
2785,122138.5687477969
2538,125492.41487186863
597,218908.04534103366
464,174959.460679506
233,208450.44623493627
2169,127175.80178566482
2123,178869.51597948777
1867,166519.08914027023
137,244492.23447790413
515,230729.59886694897
933,142312.46873943158
2784,174170.96911359136
972,174678.29296741498
599,170086.16778959738
2614,126235.12541670466
2582,137935.0968908089
1409,173050.26946625934
175,91712.72755404889
352,210919.64125774338
976,115077.62940872276
2134,192368.6216126332
984,112786.66996603027
2396,377948.1885599323
1673,146933.50829810934
404,127563.51275795554
607,168451.73985445127
814,147765.70393944983
868,185271.73240705387
2271,191592.42541101162
1633,213074.094144459
337,149095.53277536188
2765,166425.3746141599
1746,243791.40503362607
368,293983.0003066158
2806,201240.24009667386
1662,195288.65314126154
1234,204512.28003913866
1373,126454.07682759651
1672,112538.11105796609
1939,122811.24273790857
